0.000000
0.031343
0.105581
0.004285
0.043630
0.070056
0.016622
0.122575
0.000000
0.025638
0.000000
0.000000
0.000000
0.005792
0.000000
0.000000
0.000000
0.000000
0.106543
0.000000
0.000000
0.000000
0.000000
0.093322
0.000000
0.006422
0.000000
0.000000
0.000000
0.000000
0.000000
0.000000
0.004249
0.000000
0.000000
0.000000
0.000000
0.000000
0.000000
0.000000
0.057586
0.064728
0.000000
0.000000
0.000000
0.000000
0.000000
0.000000
0.000000
0.000000
0.000000
0.049046
0.000000
0.000000
0.026720
0.000000
0.000000
0.000000
0.050944
0.000000
0.000000
0.000000
0.025620
0.000000
0.000000
0.000000
0.031332
0.000000
0.007733
0.000000
0.000000
0.000000
0.000000
0.000000
0.007505
0.015048
0.018185
0.033697
0.000000
0.000000
0.000000
0.000000
0.000000
0.000000
0.000000
0.000000
0.000000
0.000000
0.000000
0.000000
0.049758
0.068221
0.000000
0.000000
0.000000
0.000000
0.096017
0.000000
0.000000
0.000000
0.000000
0.000000
0.057051
0.000000
0.058343
0.000000
0.000000
0.000000
0.008916
0.000000
0.000000
0.113575
0.009779
0.000000
0.022867
0.000000
0.000000
0.000000
0.000000
0.000000
0.000000
0.000000
0.000000
0.000000
0.000000
0.005688
0.000000
0.000000
0.000000
0.000000
0.000000
0.000000
0.000000
0.000000
0.000000
0.000000
0.043833
0.057531
0.000000
0.000000
0.153545
0.000000
