0.000000
0.063002
0.015405
0.007759
0.032315
0.041328
0.004745
0.032811
0.000000
0.005461
0.000000
0.000000
0.000000
0.040920
0.000000
0.000000
0.000000
0.000000
0.010405
0.000000
0.000000
0.000000
0.000000
0.000000
0.000000
0.003509
0.000000
0.000000
0.085645
0.000000
0.000000
0.000000
0.017685
0.000000
0.000000
0.000000
0.000000
0.000000
0.000000
0.000000
0.000000
0.000000
0.000000
0.000000
0.008937
0.000000
0.000000
0.000000
0.014872
0.000000
0.000000
0.000000
0.000000
0.000000
0.001400
0.000000
0.000000
0.000000
0.000000
0.000000
0.000000
0.038752
0.015017
0.000000
0.000000
0.000000
0.095896
0.000000
0.000000
0.000000
0.000000
0.000000
0.000000
0.000000
0.006577
0.105261
0.008707
0.002842
0.000000
0.098929
0.000000
0.000000
0.000000
0.000000
0.000000
0.000000
0.000000
0.000000
0.000000
0.000000
0.080904
0.002376
0.000000
0.000000
0.000000
0.000000
0.000000
0.000000
0.000000
0.000000
0.000000
0.000000
0.102765
0.000000
0.024414
0.000000
0.019744
0.000000
0.043425
0.000000
0.000000
0.000000
0.000000
0.000000
0.010092
0.000000
0.000000
0.000000
0.000000
0.000000
0.000000
0.000000
0.000000
0.000000
0.000000
0.031946
0.000000
0.000000
0.000000
0.000000
0.000000
0.000000
0.000000
0.000000
0.000000
0.151820
0.055777
0.031335
0.000000
0.000000
0.000000
0.000000
