0.000000
0.015834
0.120123
0.000708
0.114562
0.015500
0.035625
0.053727
0.000000
0.015268
0.000000
0.000000
0.000000
0.077112
0.011899
0.000000
0.000000
0.000000
0.057566
0.000000
0.000000
0.000000
0.000000
0.113214
0.000000
0.000000
0.000000
0.000000
0.000000
0.000000
0.000000
0.025506
0.000000
0.000000
0.000000
0.000000
0.000000
0.000000
0.000000
0.000000
0.011199
0.062160
0.000000
0.000000
0.000000
0.000000
0.000000
0.076759
0.000000
0.000000
0.000000
0.037698
0.000000
0.000000
0.021855
0.000000
0.000000
0.000000
0.000000
0.000000
0.000000
0.000000
0.059302
0.000000
0.000000
0.000000
0.013379
0.000000
0.000000
0.019430
0.000000
0.000000
0.014031
0.000000
0.035439
0.032856
0.019297
0.044118
0.000000
0.038533
0.000000
0.000000
0.000000
0.000000
0.000000
0.000000
0.000000
0.000000
0.000000
0.000000
0.022428
0.169927
0.000000
0.000000
0.000000
0.000000
0.000000
0.000000
0.000000
0.000000
0.000000
0.000000
0.000000
0.000000
0.006120
0.000000
0.000000
0.025866
0.035145
0.025052
0.000000
0.023800
0.000000
0.000000
0.026866
0.000000
0.000000
0.000000
0.000000
0.000000
0.000000
0.000000
0.000000
0.019958
0.000000
0.094865
0.000000
0.000000
0.123099
0.061588
0.000000
0.000000
0.000000
0.000000
0.000000
0.000000
0.002851
0.005268
0.000000
0.000000
0.000000
0.000000
