0.037153
0.037123
0.052820
0.172392
0.171028
0.278004
0.265289
0.173675
0.022707
0.022707
0.017393
0.025085
0.064143
0.032987
0.002347
0.010896
0.015653
0.095022
0.076163
0.029731
0.038322
0.009796
0.014356
0.002004
0.006986
0.063204
0.007048
0.020123
0.081671
0.093703
0.090501
0.029009
0.102139
0.049147
0.127415
0.114417
0.005009
0.033166
0.002629
0.143772
0.080071
0.007937
0.031106
0.023527
0.004346
0.006476
0.194753
0.005830
0.110632
0.016583
0.056710
0.001606
0.003743
0.055010
0.048717
0.006381
0.037967
0.006040
0.112486
0.021026
0.000432
0.163512
0.099428
0.035607
0.081810
0.014188
0.011930
0.010238
0.312438
0.044507
0.149131
0.080005
0.002913
0.016772
0.014230
0.037807
0.016849
0.029794
0.050462
0.031284
0.035077
0.010501
0.045695
0.110061
0.144638
0.054454
0.032663
0.118563
0.006560
0.043139
0.040258
0.032333
0.039530
0.043302
0.040873
0.007320
0.078297
0.036797
0.000284
0.021196
0.001119
0.001167
0.140086
0.027943
0.010434
0.091000
0.235210
0.139100
0.154597
0.099564
0.086001
0.081747
0.107698
0.112806
0.031443
0.028715
0.106115
0.021492
0.009564
0.115188
0.089749
0.116215
0.119339
0.003900
0.080977
0.058938
0.106887
0.051395
0.013422
0.030483
0.000843
0.064792
0.011630
0.061586
0.024018
0.123093
0.119642
0.118865
0.005337
0.061458
0.020288
0.050265
