0.040960
0.040930
0.103794
0.118649
0.124335
0.149064
0.162177
0.039683
0.003756
0.002619
0.174422
0.108371
0.044349
0.013193
0.003107
0.020153
0.029729
0.060805
0.041946
0.079161
0.004023
0.018671
0.009558
0.013681
0.102153
0.040527
0.042584
0.088568
0.022647
0.029786
0.018998
0.097301
0.008248
0.003794
0.070769
0.108310
0.034442
0.000936
0.049810
0.048035
0.001409
0.047121
0.026541
0.191817
0.130971
0.009692
0.043874
0.125749
0.024810
0.015838
0.018799
0.028709
0.080627
0.102864
0.096571
0.018979
0.052015
0.001898
0.025844
0.004523
0.108698
0.037410
0.012079
0.060655
0.106638
0.166793
0.164535
0.028882
0.154920
0.075771
0.004595
0.035084
0.013413
0.103368
0.100826
0.095542
0.146989
0.149343
0.111821
0.092643
0.007075
0.001839
0.001478
0.094758
0.090426
0.023044
0.058672
0.085951
0.061593
0.099264
0.096383
0.146935
0.003249
0.160749
0.010714
0.036565
0.023608
0.044534
0.008160
0.045425
0.012811
0.207940
0.165587
0.023285
0.005776
0.170843
0.010112
0.014568
0.004199
0.011640
0.001131
0.015394
0.024601
0.146597
0.065234
0.042932
0.083741
0.058488
0.086702
0.066320
0.283575
0.022960
0.013739
0.006827
0.046250
0.024211
0.025678
0.008754
0.021455
0.052192
0.068776
0.052869
0.010549
0.015567
0.111886
0.010506
0.158876
0.211026
0.068028
0.015744
0.132538
0.007848
