0.005364
0.005333
0.036539
0.141570
0.143782
0.179826
0.221668
0.111050
0.138722
0.137585
0.172808
0.011170
0.033200
0.002044
0.017080
0.069681
0.118576
0.055972
0.037113
0.012794
0.027514
0.035398
0.013410
0.001058
0.154774
0.093148
0.006988
0.059848
0.000675
0.080333
0.056347
0.098620
0.009567
0.067536
0.062308
0.046554
0.012660
0.110022
0.019456
0.133560
0.069858
0.044111
0.011202
0.055500
0.012182
0.015283
0.050276
0.028512
0.115293
0.033713
0.091590
0.036486
0.010618
0.036976
0.030683
0.075698
0.153914
0.060888
0.047575
0.034360
0.013141
0.122376
0.058292
0.010180
0.034335
0.019485
0.017228
0.109897
0.043356
0.097949
0.099905
0.030391
0.153026
0.048327
0.045785
0.041429
0.002663
0.014495
0.011019
0.074353
0.099646
0.012201
0.037316
0.011566
0.035268
0.009789
0.035898
0.032048
0.013006
0.006124
0.003243
0.022649
0.078939
0.003222
0.013101
0.086109
0.030804
0.065231
0.058778
0.044534
0.018958
0.044186
0.001834
0.081026
0.063517
0.121579
0.016058
0.028926
0.018556
0.001344
0.058441
0.054188
0.061285
0.258490
0.177127
0.014611
0.012233
0.001094
0.009713
0.099957
0.045608
0.082808
0.031714
0.038387
0.223258
0.201219
0.069045
0.037138
0.026159
0.064813
0.058939
0.047860
0.031285
0.014142
0.017274
0.038339
0.034888
0.075094
0.093828
0.132439
0.061788
0.022186
