0.006757
0.006752
0.008828
0.011055
0.023210
0.025201
0.049594
0.021854
0.002582
0.022691
0.021553
0.009358
0.000897
0.013961
0.006651
0.006839
0.021090
0.001279
0.003575
0.012009
0.007828
0.003367
0.003232
0.003466
0.006432
0.003333
0.019167
0.011413
0.009554
0.021290
0.001292
0.003239
0.008308
0.024484
0.019152
0.045095
0.019037
0.034290
0.010738
0.000483
0.000504
0.028268
0.000245
0.000699
0.002054
0.006796
0.002072
0.001911
0.008083
0.010870
0.002785
0.043929
0.000303
0.006633
0.003677
0.021656
0.012954
0.007774
0.044357
0.013478
0.007126
0.005732
0.003563
0.002445
0.022430
0.006462
0.031261
0.025998
0.023117
0.048512
0.007136
0.001506
0.018176
0.010739
0.010304
0.002488
0.000376
0.010088
0.000720
0.005413
0.011616
0.007886
0.005591
0.038211
0.007988
0.003703
0.004258
0.006910
0.037389
0.026159
0.015559
0.006016
0.026967
0.025308
0.003570
0.014197
0.022696
0.019069
0.037323
0.007927
0.003970
0.006513
0.055139
0.037782
0.030890
0.000053
0.005283
0.000382
0.001024
0.002804
0.008596
0.002410
0.010753
0.006998
0.001408
0.014663
0.002558
0.028166
0.015233
0.002354
0.014673
0.011447
0.006004
0.027636
0.030027
0.007321
0.008040
0.024290
0.025604
0.009058
0.003654
0.026664
0.000099
0.001506
0.011772
0.012730
0.005236
0.004531
0.017038
0.016295
0.013996
0.008312
0.023853
0.016770
0.018181
0.037896
0.020913
0.004604
0.009640
0.007529
0.026181
0.002622
0.003486
0.017711
0.005474
0.004637
0.013782
0.003087
0.004475
0.022632
0.004640
0.005055
0.002866
0.003362
0.010574
0.000831
0.014112
0.005165
0.035418
0.029444
0.001809
0.006393
0.002626
0.009523
0.008519
0.002269
0.009948
0.020037
0.023977
0.033324
0.029382
0.000693
0.002499
0.011524
0.050563
0.008050
0.000081
0.018131
0.009569
0.004812
0.001360
0.016978
0.009422
0.008431
0.002463
0.013395
0.005117
0.001285
0.010334
0.008568
0.030693
0.000251
0.027777
0.002344
0.000015
0.007898
0.020099
0.010924
0.004438
0.009952
0.011575
0.014350
0.013540
0.021736
0.060986
0.009592
0.004160
0.026162
0.015563
0.012876
0.027057
0.025544
0.003694
0.015095
0.029294
0.001518
0.009986
0.003962
0.014172
0.012240
0.012866
0.003378
0.012639
0.012345
0.006172
0.002257
0.008266
0.006729
0.001934
0.001508
0.006214
0.004960
0.007239
0.014635
0.002525
0.027436
0.022383
0.001525
0.009181
0.001153
0.023415
0.004197
0.001233
0.070826
0.032350
0.022601
0.020686
0.004987
0.014802
0.006327
0.044957
0.000095
0.004322
0.014459
0.008227
0.016091
0.000050
0.008866
0.000155
0.008711
0.028793
0.026912
0.016340
0.003754
0.016613
0.001000
0.023226
0.005813
0.012607
0.007804
0.000893
0.003334
0.019178
0.011430
0.009598
0.021634
0.001500
0.003981
0.012063
0.003754
0.052736
0.010753
0.011271
0.005820
0.027165
0.042702
0.021950
0.003749
0.001449
0.004904
0.040799
0.023725
0.007358
0.000231
0.001397
0.007927
0.025116
0.043353
0.000250
0.006367
0.003057
0.015450
0.004532
0.007241
0.028921
0.007459
0.011039
0.008039
0.010478
0.001830
0.015449
0.000389
0.020057
0.009127
0.031235
0.023167
0.020082
0.002897
0.000593
0.006731
0.001058
0.016819
0.015348
0.011027
0.002073
0.012842
0.008101
0.001085
0.002891
0.008432
0.001113
0.001252
0.020465
0.008372
0.011480
0.022137
0.010594
0.040458
0.012108
0.000988
0.025757
0.010022
0.007590
0.018248
0.008923
0.002058
0.004796
0.009866
0.006532
0.009426
0.009031
0.004833
0.004353
0.026332
0.026332
0.012204
0.022505
0.006361
0.026507
0.014676
0.003186
0.001771
0.018225
0.006706
0.011007
0.018692
0.006099
0.005082
0.009426
0.002339
0.003732
0.000160
0.017475
0.006454
0.012891
0.003285
0.011318
0.008513
0.011541
0.002354
0.011604
0.001095
0.000777
0.011661
0.001276
0.001644
0.025097
0.001116
0.015962
0.010203
0.024336
0.001635
0.000255
0.000222
0.032191
0.006074
0.065036
0.008740
0.000876
0.026382
0.023582
0.000955
0.007858
0.001862
0.012428
0.009559
0.009630
0.006645
0.012747
0.001669
0.069554
0.023864
0.001808
0.002870
0.032209
0.014955
0.025551
0.035928
0.021911
0.007899
0.005779
0.000063
0.014999
0.001989
0.011258
0.003399
0.001115
0.005760
0.007417
0.005619
0.001955
0.011774
0.005534
0.013306
0.015534
0.010503
0.022318
0.012818
0.005533
0.005852
0.000302
0.018848
0.007631
0.016557
0.008201
0.001968
0.003525
0.002223
0.018156
0.001742
0.027184
0.001993
0.029680
0.001532
0.009425
0.001876
0.000914
0.002307
0.005908
0.016994
0.000900
0.016271
0.016953
0.029153
0.011611
0.004288
0.001559
0.001178
0.008289
0.001300
0.003266
0.008432
0.025914
0.022125
0.001458
0.002688
0.002335
