0.000987
0.000982
0.018462
0.021828
0.037412
0.083767
0.084794
0.098209
0.005129
0.001117
0.004275
0.022649
0.008686
0.048469
0.017313
0.000160
0.001419
0.008380
0.013065
0.027759
0.002525
0.032171
0.028770
0.007551
0.052437
0.020305
0.013590
0.003033
0.005947
0.006352
0.006246
0.002377
0.003599
0.070910
0.006654
0.093663
0.006289
0.027214
0.000586
0.007026
0.016828
0.025612
0.002955
0.003879
0.031352
0.003941
0.034504
0.007835
0.012505
0.035652
0.024852
0.026375
0.049718
0.029790
0.009898
0.003605
0.003215
0.004077
0.026602
0.013289
0.046140
0.009831
0.004611
0.019588
0.048686
0.024872
0.001492
0.037749
0.013236
0.005231
0.046583
0.007077
0.019209
0.000331
0.008298
0.005756
0.066379
0.033411
0.031403
0.010916
0.022770
0.005469
0.004261
0.055844
0.038439
0.021748
0.006162
0.013614
0.016206
0.033690
0.030983
0.028102
0.005817
0.035326
0.017834
0.001014
0.031489
0.009581
0.001680
0.049459
0.030107
0.010864
0.011326
0.027607
0.015019
0.008921
0.007294
0.014370
0.007079
0.001558
0.020359
0.005358
0.001104
0.000590
0.006767
0.014287
0.012109
0.001221
0.002269
0.002320
0.021177
0.000106
0.062210
0.024552
0.022700
0.019712
0.016896
0.023725
0.065749
0.027776
0.014192
0.029710
0.146288
0.080530
0.003536
0.006061
0.002212
0.003996
0.000369
0.003756
0.025097
0.029344
0.002265
0.016325
0.011491
0.014056
0.000897
0.015118
0.041609
0.008944
0.005605
0.002943
0.015218
0.000416
0.003032
0.022359
0.033385
0.000208
0.045098
0.014641
0.003209
0.053250
0.005069
0.056127
0.023095
0.043106
0.014763
0.006817
0.025342
0.021588
0.016298
0.002560
0.015282
0.003952
0.002794
0.002525
0.013563
0.056080
0.001549
0.051183
0.042071
0.057255
0.021464
0.013433
0.053478
0.001240
0.045553
0.041784
0.003059
0.040129
0.052386
0.029797
0.017320
0.043941
0.020363
0.026744
0.017514
0.031287
0.002889
0.004224
0.012122
0.000748
0.064470
0.034228
0.000279
0.000171
0.048153
0.011322
0.009909
0.009338
0.020647
0.012266
0.040170
0.078159
0.069804
0.028641
0.003974
0.003944
0.010351
0.034110
0.004585
0.027758
0.021536
0.003082
0.028439
0.007128
0.040215
0.011501
0.030982
0.024769
0.002580
0.003941
0.074530
0.003929
0.006764
0.002319
0.076213
0.036250
0.006196
0.112292
0.085609
0.031716
0.022543
0.036986
0.040006
0.014957
0.008548
0.005664
0.006126
0.007539
0.012387
0.048473
0.004409
0.053002
0.027168
0.002424
0.036578
0.022203
0.017444
0.007701
0.013654
0.021098
0.009753
0.008529
0.015034
0.009060
0.004001
0.054780
0.057067
0.004259
0.019789
0.001557
0.018682
0.001127
0.022185
0.018604
0.014599
0.016821
0.022174
0.034322
0.030909
0.006558
0.013485
0.010328
0.051091
0.030938
0.027294
0.008478
0.005381
0.004966
0.003181
0.001240
0.022248
0.018338
0.043280
0.022577
0.001873
0.006384
0.038773
0.019692
0.000769
0.009924
0.001878
0.041155
0.011982
0.034194
0.029395
0.004354
0.002663
0.051597
0.010468
0.002828
0.000052
0.027231
0.005040
0.012123
0.032481
0.020412
0.019361
0.013181
0.034390
0.013310
0.012739
0.009347
0.049044
0.000730
0.042791
0.000721
0.003213
0.017394
0.004308
0.030820
0.089089
0.036833
0.014990
0.012575
0.003888
0.025340
0.026756
0.042782
0.015410
0.006224
0.001293
0.011200
0.024093
0.006669
0.006636
0.001975
0.049561
0.046874
0.007865
0.000885
0.002751
0.009696
0.003972
0.013947
0.010493
0.036697
0.006809
0.002082
0.043547
0.011731
0.021099
0.038774
0.003586
0.004005
0.016815
0.032124
0.017199
0.004895
0.083797
0.038901
0.038607
0.004232
0.002450
0.048220
0.010879
0.007497
0.000453
0.004002
0.051126
0.040093
0.040381
0.008693
0.006035
0.007275
0.011483
0.036542
0.016149
0.012699
0.019845
0.012907
0.002335
0.005165
0.000112
0.003754
0.016324
0.035860
0.041966
0.041717
0.003112
0.019501
0.012974
0.003858
0.018994
0.012738
0.003013
0.017171
0.005594
0.003333
0.001874
0.013765
0.002937
0.004306
0.049383
0.024409
0.015933
0.014521
0.002374
0.039693
0.004306
0.007338
0.001925
0.021619
0.004668
0.003670
0.001735
0.051948
0.033116
0.014496
0.003924
0.031624
0.047502
0.004212
0.049234
0.026746
0.016881
0.010634
0.023354
0.009088
0.044172
0.076326
0.027000
0.024231
0.012720
0.010749
0.004023
0.005263
0.024875
0.004300
0.018807
0.057025
0.000564
0.018002
0.010412
0.000208
0.005402
0.009481
0.002611
0.004702
0.003301
0.071835
0.024940
0.024883
0.017115
0.079061
0.065807
0.009353
0.011744
0.005740
0.009752
0.001183
0.024871
0.035442
0.012766
0.004365
0.014164
0.005137
0.021403
0.048915
0.011131
0.008050
0.001433
0.007085
0.004692
0.013210
